Zynq MP First Stage Boot Loader 
Release 2025.2   Apr  7 2026  -  08:23:26
PMU-FW is not running, certain applications may not be supported.
Successfully initialized
100
153
152
135
122
127
152
160
146
128
120
118
166
153
153
128
167
123
148
119
127
130
153
112
146
141
157
145
120
111
119
122
122
114
142
146
121
157
115
160
115
187
117
116
129
161
177
139
153
121
111
143
142
118
152
114
110
164
119
122
157
119
135
125
ALL HLS TESTS PASSED
100
153
152
135
122
127
152
160
146
128
120
118
166
153
153
128
167
123
148
119
127
130
153
112
146
141
157
145
120
111
119
122
122
114
142
146
121
157
115
160
115
187
117
116
129
161
177
139
153
121
111
143
142
118
152
114
110
164
119
122
157
119
135
125
ALL SOFTWARE TESTS PASSED
Time for HLS implementation: 899
Time for software implementation: 4804

